version https://git-lfs.github.com/spec/v1
oid sha256:c8f050b9361b0727c6d90911817696940d848ca2e1710f3f15195ba3a745ad85
size 1048932
