version https://git-lfs.github.com/spec/v1
oid sha256:8ae6617ad493e76b139300d3d7eaba6b3fa69cc5a354a1aab58ffbac89efed1c
size 1046304
