version https://git-lfs.github.com/spec/v1
oid sha256:362c4973ec6bbb8918353b2cf1ae8c247c69316d340ba431a674f313f6cbda20
size 1086307
