version https://git-lfs.github.com/spec/v1
oid sha256:38c93a4420625e96df4af34186bbb802802cebc895fb24803a67b13dafc865b9
size 1077183
